              precision    recall  f1-score   support

           1       1.00      1.00      1.00        29
           2       0.50      1.00      0.67         1
           3       1.00      1.00      1.00         1
           4       0.00      0.00      0.00         2
           5       1.00      0.50      0.67         2
           6       0.00      0.00      0.00         0
           7       1.00      1.00      1.00         5
           8       0.50      0.67      0.57         3
          10       1.00      1.00      1.00        13
          11       1.00      1.00      1.00         1
          12       1.00      0.95      0.97        20
          13       1.00      1.00      1.00        17
          15       0.90      1.00      0.95         9

    accuracy                           0.95       103
   macro avg       0.76      0.78      0.76       103
weighted avg       0.95      0.95      0.95       103
