              precision    recall  f1-score   support

           0       1.00      1.00      1.00         1
           1       1.00      1.00      1.00        19
           2       1.00      1.00      1.00         2
           5       1.00      1.00      1.00         1
           6       1.00      1.00      1.00         1
           7       1.00      1.00      1.00        11
           8       1.00      1.00      1.00         6
           9       0.00      0.00      0.00         1
          10       1.00      0.90      0.95        10
          11       1.00      1.00      1.00         3
          12       0.89      1.00      0.94        17
          13       1.00      1.00      1.00        12
          15       1.00      1.00      1.00        16
          16       1.00      1.00      1.00         3

    accuracy                           0.98       103
   macro avg       0.92      0.92      0.92       103
weighted avg       0.97      0.98      0.98       103
