              precision    recall  f1-score   support

           1       1.00      0.96      0.98        26
           2       1.00      1.00      1.00         4
           3       0.67      1.00      0.80         2
           5       1.00      1.00      1.00         2
           6       1.00      0.33      0.50         3
           7       1.00      1.00      1.00        12
           8       1.00      0.86      0.92         7
          10       1.00      1.00      1.00        14
          11       1.00      1.00      1.00         2
          12       1.00      1.00      1.00        13
          13       0.92      1.00      0.96        11
          15       0.86      1.00      0.92         6
          16       0.50      1.00      0.67         1

    accuracy                           0.96       103
   macro avg       0.92      0.93      0.90       103
weighted avg       0.97      0.96      0.96       103
