              precision    recall  f1-score   support

           1       1.00      1.00      1.00        23
           2       0.75      1.00      0.86         3
           3       1.00      1.00      1.00         3
           4       1.00      1.00      1.00         1
           5       1.00      1.00      1.00         1
           6       1.00      1.00      1.00         2
           7       1.00      1.00      1.00         9
           8       1.00      0.75      0.86         4
          10       0.90      1.00      0.95         9
          11       1.00      1.00      1.00         1
          12       1.00      1.00      1.00        22
          13       1.00      1.00      1.00        12
          14       0.00      0.00      0.00         1
          15       1.00      1.00      1.00        11
          16       1.00      1.00      1.00         1

    accuracy                           0.98       103
   macro avg       0.91      0.92      0.91       103
weighted avg       0.97      0.98      0.98       103
